City,Lat,Lng,Max Temp,Humidity,Cloudiness,Wind Speed,Country,Date
Hobart,-42.8794,147.3294,63.27,53,20,9.22,AU,1650684598
Castro,-24.7911,-50.0119,59.0,90,1,5.64,BR,1650684630
Bluff,-46.6,168.3333,57.79,84,76,28.63,NZ,1650684631
Grindavik,63.8424,-22.4338,45.07,87,100,12.66,IS,1650684631
Mataura,-46.1927,168.8643,57.47,63,71,9.24,NZ,1650684632
Barrow,71.2906,-156.7887,17.62,79,100,8.05,US,1650684632
Necochea,-38.5473,-58.7368,48.02,69,29,10.16,AR,1650684630
Wahpeton,46.2652,-96.6059,49.91,100,100,13.8,US,1650684632
Saskylakh,71.9167,114.0833,7.11,91,95,4.81,RU,1650684633
Sleaford,52.9983,-0.4094,49.91,93,75,13.8,GB,1650684633
Bandarbeyla,9.4942,50.8122,83.17,74,15,7.31,SO,1650684634
Mount Isa,-20.7333,139.5,73.17,78,100,10.36,AU,1650684634
Puerto Ayora,-0.7393,-90.3518,72.01,93,11,6.31,EC,1650684634
Ushuaia,-54.8,-68.3,42.46,75,100,1.14,AR,1650684519
Busselton,-33.65,115.3333,72.91,38,0,10.42,AU,1650684635
Kapaa,22.0752,-159.319,82.38,85,100,17.27,US,1650684635
Hermanus,-34.4187,19.2345,49.8,74,0,9.57,ZA,1650684635
Batemans Bay,-35.7167,150.1833,69.91,67,41,5.82,AU,1650684636
Brae,60.3964,-1.353,45.43,81,100,16.84,GB,1650684636
Badou,7.5833,0.6,73.51,90,95,2.01,TG,1650684636
Ribeira do Pombal,-10.8344,-38.5358,69.91,97,4,4.27,BR,1650684637
Altay,47.8667,88.1167,41.67,57,100,3.47,CN,1650684637
Moranbah,-22.0016,148.0466,72.21,71,100,21.5,AU,1650684637
Longyearbyen,78.2186,15.6401,17.44,79,40,2.3,SJ,1650684638
Pevek,69.7008,170.3133,16.77,90,97,4.07,RU,1650684638
Sittwe,20.15,92.9,86.59,66,1,8.32,MM,1650684639
Albany,42.6001,-73.9662,46.81,60,13,4.32,US,1650684601
Khatanga,71.9667,102.5,14.14,84,67,7.72,RU,1650684639
Conceição das Alagoas,-19.9147,-48.3883,73.18,55,16,6.17,BR,1650684639
Road Town,18.4167,-64.6167,75.29,71,90,15.5,VG,1650684640
Punta Arenas,-53.15,-70.9167,42.91,75,75,3.44,CL,1650684359
Malbork,54.0359,19.0266,40.87,91,7,5.82,PL,1650684640
Seymchan,62.8833,152.4333,25.68,72,97,0.4,RU,1650684641
Tonota,-21.4833,27.4833,60.39,95,30,4.92,BW,1650684641
New Norfolk,-42.7826,147.0587,62.92,38,10,5.23,AU,1650684641
San Jose,37.3394,-121.895,56.39,66,0,6.91,US,1650684614
Qena,26.1615,32.7183,69.46,27,0,5.17,EG,1650684642
Birjand,32.8663,59.2211,68.47,24,75,4.61,IR,1650684642
Rikitea,-23.1203,-134.9692,74.19,80,100,5.5,PF,1650684642
Tura,25.5198,90.2201,82.69,67,7,6.73,IN,1650684643
Nikolskoye,59.7035,30.7861,40.71,75,79,3.51,RU,1650684643
Carnarvon,-24.8667,113.6333,87.87,27,0,8.05,AU,1650684643
Pangkalanbuun,-2.6833,111.6167,90.93,55,92,2.86,ID,1650684594
Andijan,40.7821,72.3442,72.68,48,0,2.3,UZ,1650684644
Kasongo-Lunda,-6.4667,16.8167,69.94,99,100,0.69,CD,1650684644
Ilulissat,69.2167,-51.1,24.82,80,75,0.0,GL,1650684645
Sirari,-1.2333,34.4333,61.27,94,100,4.07,TZ,1650684645
Corinth,37.9407,22.9573,58.89,84,18,4.03,GR,1650684645
Bogandé,12.9714,-0.1436,86.25,9,31,5.06,BF,1650684646
Chernyshevskiy,63.0128,112.4714,26.17,75,94,4.92,RU,1650684646
Wangqing,43.3218,129.7634,65.55,16,0,11.27,CN,1650684646
Nuuk,64.1835,-51.7216,34.41,86,100,0.0,GL,1650684647
Airai,-8.9266,125.4092,75.97,49,41,3.94,TL,1650684647
Vinh Long,10.25,105.9667,87.78,54,35,7.02,VN,1650684647
Ochakiv,46.6128,31.5498,47.75,77,98,17.36,UA,1650684648
Upernavik,72.7868,-56.1549,-1.08,99,71,4.81,GL,1650684648
Bredasdorp,-34.5322,20.0403,53.29,73,1,5.1,ZA,1650684649
Torbay,47.6666,-52.7314,36.57,75,100,18.41,CA,1650684649
Udachny,66.4167,112.4,21.45,62,100,8.28,RU,1650684649
Aban,56.67,96.06,28.36,45,100,16.28,RU,1650684650
Sinnamary,5.3833,-52.95,74.84,93,100,5.26,GF,1650684650
Oodweyne,9.4092,45.064,71.6,70,21,8.79,SO,1650684651
Leningradskiy,69.3833,178.4167,22.01,91,96,2.95,RU,1650684651
Quirinópolis,-18.4483,-50.4517,68.97,53,100,5.55,BR,1650684651
Blackwater,-23.5833,148.8833,78.8,48,95,18.01,AU,1650684522
Le Port,-20.9373,55.2919,77.0,72,57,7.07,RE,1650684652
Kjøllefjord,70.9457,27.3465,35.65,98,98,17.02,NO,1650684652
Saugor,23.8333,78.7167,97.34,12,19,8.95,IN,1650684653
Yangi Marg`ilon,40.4272,71.7189,66.92,42,0,4.61,UZ,1650684653
Benjamin Constant,-4.3831,-70.0311,78.93,98,100,1.36,BR,1650684654
Atuona,-9.8,-139.0333,79.05,74,25,15.32,PF,1650684654
Novouzensk,50.4592,48.1431,47.01,84,68,9.69,RU,1650684654
Lebu,-37.6167,-73.65,55.78,90,100,15.9,CL,1650684655
Hithadhoo,-0.6,73.0833,84.29,74,100,9.86,MV,1650684655
Kholodnyy,62.7167,147.95,23.65,70,100,0.49,RU,1650684655
Kamina,-8.7386,24.9906,62.65,96,55,3.24,CD,1650684656
George Town,5.4112,100.3354,85.95,72,20,12.66,MY,1650684580
Cape Town,-33.9258,18.4232,59.41,70,20,21.85,ZA,1650684402
Vaini,-21.2,-175.2,82.56,69,75,6.91,TO,1650684656
Ulladulla,-35.35,150.4667,70.7,70,76,4.94,AU,1650684656
Bethel,41.3712,-73.414,53.96,62,0,3.44,US,1650684657
Ancud,-41.8697,-73.8203,52.23,84,95,25.46,CL,1650684657
Paita,-5.0892,-81.1144,68.81,82,7,11.65,PE,1650684657
Bambous Virieux,-20.3428,57.7575,77.22,69,75,16.11,MU,1650684658
Ponta Delgada,37.7333,-25.6667,57.92,67,75,4.61,PT,1650684401
Port Alfred,-33.5906,26.891,58.17,96,100,1.01,ZA,1650684658
Mar del Plata,-38.0023,-57.5575,53.62,86,40,14.0,AR,1650684604
Kaitangata,-46.2817,169.8464,59.52,59,75,11.41,NZ,1650684659
Cockburn Town,21.4612,-71.1419,77.63,73,41,19.3,TC,1650684659
Jasper,37.2001,-94.3502,74.68,55,0,11.5,US,1650684615
Isangel,-19.55,169.2667,84.31,61,75,6.91,VU,1650684659
Hamilton,39.1834,-84.5333,66.0,66,0,0.0,US,1650684615
San Patricio,28.017,-97.5169,75.83,86,20,18.39,US,1650684660
Zheleznodorozhnyy,55.7503,38.0042,45.12,86,100,2.44,RU,1650684660
Provideniya,64.3833,-173.3,33.21,70,13,0.67,RU,1650684661
Camopi,3.1655,-52.3158,70.45,99,100,1.66,GF,1650684661
Port Elizabeth,-33.918,25.5701,59.31,96,100,3.44,ZA,1650684661
Zyryanka,65.75,150.85,24.76,79,100,1.83,RU,1650684662
Omboué,-1.5746,9.2618,76.15,92,100,5.32,GA,1650684662
Cradock,-32.1642,25.6192,54.07,87,100,6.33,ZA,1650684662
Nova Olímpia,-14.7972,-57.2881,74.05,78,60,4.59,BR,1650684663
Hagavik,60.1833,5.4333,48.42,63,40,1.99,NO,1650684663
Mbaïki,3.8678,17.9892,70.47,91,94,1.23,CF,1650684664
Darhan,49.4867,105.9228,48.45,31,96,4.9,MN,1650684664
Akdepe,42.0551,59.3788,64.49,43,39,11.99,TM,1650684664
Butaritari,3.0707,172.7902,82.35,75,14,18.14,KI,1650684665
Hilo,19.7297,-155.09,78.53,78,0,9.22,US,1650684410
Mnogovershinnyy,53.9353,139.9242,27.81,86,100,5.91,RU,1650684665
Lodja,-3.4833,23.4333,69.22,98,53,0.51,CD,1650684666
Kavaratti,10.5669,72.642,84.94,72,62,5.53,IN,1650684666
Vardø,70.3705,31.1107,37.13,78,80,13.29,NO,1650684667
Pendleton,45.6721,-118.7886,55.0,64,75,11.5,US,1650684667
Pisco,-13.7,-76.2167,64.02,88,0,2.3,PE,1650684667
Adrar,20.5022,-10.0711,68.54,21,73,9.26,MR,1650684668
Balabac,7.9868,117.0645,85.39,71,98,13.27,PH,1650684668
East London,-33.0153,27.9116,59.94,100,20,8.05,ZA,1650684668
Lata,40.1629,-8.3327,50.81,97,97,4.29,PT,1650684669
Esperance,-33.8667,121.9,69.64,64,29,14.67,AU,1650684669
Lagoa,39.05,-27.9833,57.25,72,81,18.9,PT,1650684669
Birobidzhan,48.8,132.95,55.6,33,74,7.76,RU,1650684670
Alice Springs,-23.7,133.8833,72.95,32,100,13.8,AU,1650684605
Tarata,-17.6167,-66.0167,63.68,61,52,3.06,BO,1650684670
Óbidos,-1.9175,-55.5181,71.55,96,100,1.14,BR,1650684671
Pānchgani,17.9167,73.8167,83.05,29,80,4.76,IN,1650684671
Kerchevskiy,59.946,56.2884,35.31,70,90,5.32,RU,1650684672
Orvault,47.271,-1.6219,55.29,77,0,5.75,FR,1650684672
Fortuna,40.5982,-124.1573,53.65,89,0,4.61,US,1650684673
Kinablangan,7.6947,126.5503,81.63,80,100,4.52,PH,1650684673
San Miguel de Cozumel,20.5083,-86.9458,78.87,90,40,8.01,MX,1650684674
Qūchān,37.106,58.5095,57.99,71,79,8.14,IR,1650684674
Aksarka,66.5606,67.7975,6.75,90,98,5.61,RU,1650684674
Lyubim,58.3625,40.6843,44.49,70,64,0.63,RU,1650684675
Jamestown,42.097,-79.2353,49.01,65,100,4.61,US,1650684630
Tuatapere,-46.1333,167.6833,57.7,68,59,10.56,NZ,1650684407
Esna,25.2934,32.554,66.22,27,0,8.28,EG,1650684675
San Quintín,30.4833,-115.95,57.52,74,1,20.29,MX,1650684676
La Ronge,55.1001,-105.2842,39.45,56,40,4.61,CA,1650684676
Anshun,26.25,105.9333,65.89,79,100,3.67,CN,1650684676
Hong Kong,22.2855,114.1577,84.38,78,6,7.0,HK,1650684677
Kenai,60.5544,-151.2583,47.03,59,100,16.11,US,1650684677
Labuhan,-6.8844,112.2051,85.96,71,22,6.51,ID,1650684544
Kruisfontein,-34.0033,24.7314,56.88,81,100,2.39,ZA,1650684678
Kodinsk,58.6881,99.1844,27.64,88,100,11.52,RU,1650684678
Nkhotakota,-12.9274,34.2961,70.52,88,17,8.19,MW,1650684679
Alyangula,-13.8483,136.4192,89.47,55,40,8.05,AU,1650684679
Encarnación,-27.3333,-55.9,68.52,100,100,3.44,PY,1650684679
Olafsvik,64.8945,-23.7142,44.62,87,50,8.59,IS,1650684680
Iqaluit,63.7506,-68.5145,-0.31,84,0,3.44,CA,1650684612
Bereda,43.2686,-7.5406,44.15,100,100,1.95,ES,1650684680
Yerofey Pavlovich,53.9667,121.9667,41.5,29,72,6.89,RU,1650684680
Ponta do Sol,32.6667,-17.1,61.72,72,71,9.98,PT,1650684681
Saint Paul Harbor,57.79,-152.4072,40.51,87,100,16.11,US,1650684681
Tiksi,71.6872,128.8694,14.0,88,100,10.4,RU,1650684682
Barga,44.0742,10.4808,51.96,97,100,0.83,IT,1650684682
Chizhou,30.6578,117.4831,74.61,70,86,8.03,CN,1650684682
Nouakchott,18.0858,-15.9785,71.53,44,19,16.08,MR,1650684683
Yellowknife,62.456,-114.3525,34.32,60,20,12.66,CA,1650684683
Ahipara,-35.1667,173.1667,64.0,67,24,13.85,NZ,1650684684
Malinyi,-8.9333,36.1333,70.29,96,76,1.92,TZ,1650684684
Saint George,37.1041,-113.5841,54.63,60,100,0.0,US,1650684616
Xining,36.6167,101.7667,60.28,34,100,3.18,CN,1650684684
Margate,51.3813,1.3862,53.31,80,98,5.99,GB,1650684685
Warmbad,-28.45,18.7333,61.66,61,61,7.27,NA,1650684413
Ribeira Grande,38.5167,-28.7,58.37,73,96,17.18,PT,1650684685
Piteå,65.3172,21.4794,37.49,93,89,5.14,SE,1650684611
Lorengau,-2.0226,147.2712,83.8,75,78,6.89,PG,1650684686
Makkah al Mukarramah,21.4267,39.8261,78.51,68,2,0.94,SA,1650684411
Padang,-0.9492,100.3543,86.05,67,80,5.39,ID,1650684686
Novosergiyevka,52.0934,53.6528,45.68,85,100,14.36,RU,1650684687
eMkhomazi,-30.2067,30.7978,69.6,91,99,9.75,ZA,1650684687
Yazman,29.1212,71.7446,92.77,14,5,1.88,PK,1650684687
Lüderitz,-26.6481,15.1594,57.97,80,0,17.18,NA,1650684688
Bloemfontein,-29.1211,26.214,56.68,82,97,3.44,ZA,1650684688
Alofi,-19.0595,-169.9187,80.49,83,4,8.05,NU,1650684688
Dingle,10.9995,122.6711,88.83,59,32,11.41,PH,1650684689
Samarai,-10.6167,150.6667,84.52,72,82,11.81,PG,1650684689
Avarua,-21.2078,-159.775,80.65,74,20,12.66,CK,1650684422
Carutapera,-1.195,-46.02,74.89,94,100,0.67,BR,1650684689
Raudeberg,61.9875,5.1352,48.87,82,100,10.04,NO,1650684690
Letlhakane,-21.4167,25.5833,66.0,73,75,5.28,BW,1650684690
Xiongzhou,25.1167,114.3,83.55,66,78,6.04,CN,1650684690
Kerema,-7.9631,145.7785,85.84,67,100,10.27,PG,1650684691
Baykit,61.67,96.37,35.47,81,99,8.55,RU,1650684691
Anloga,5.7947,0.8973,81.19,79,68,7.74,GH,1650684692
Three Hills,51.7001,-113.2686,40.39,87,99,8.05,CA,1650684692
Nouadhibou,20.931,-17.0347,62.58,82,0,16.11,MR,1650684692
Tasiilaq,65.6145,-37.6368,33.96,93,100,3.38,GL,1650684693
Turukhansk,65.8167,87.9833,33.26,99,96,4.0,RU,1650684693
Glace Bay,46.1969,-59.957,43.25,95,100,11.5,CA,1650684616
Cabo San Lucas,22.8909,-109.9124,76.3,73,7,15.28,MX,1650684441
Pacific Grove,36.6177,-121.9166,55.51,82,75,13.0,US,1650684694
Yulara,-25.2406,130.9889,73.24,31,97,19.57,AU,1650684694
Saint-Philippe,-21.3585,55.7679,76.59,76,73,14.58,RE,1650684694
Sitka,57.0531,-135.33,46.29,71,100,6.91,US,1650684473
Maningrida,-12.0667,134.2667,94.08,38,42,5.35,AU,1650684695
Karratha,-20.7377,116.8463,94.33,20,0,10.67,AU,1650684696
Asău,46.4333,26.4,43.95,100,7,3.31,RO,1650684696
Quatre Cocos,-20.2078,57.7625,77.09,61,25,19.48,MU,1650684628
Cidreira,-30.1811,-50.2056,66.06,91,100,13.0,BR,1650684697
Harper,4.375,-7.7169,77.81,84,43,0.94,LR,1650684697
Malayal,7.208,121.942,84.0,67,65,4.25,PH,1650684698
Arraial do Cabo,-22.9661,-42.0278,75.63,86,0,9.37,BR,1650684698
Ola,59.5833,151.2833,31.35,70,33,1.5,RU,1650684699
Chokurdakh,70.6333,147.9167,18.34,90,100,6.46,RU,1650684699
Wamba,8.9333,8.6,77.31,72,59,1.74,NG,1650684692
Ballina,-28.8667,153.5667,75.38,61,75,14.97,AU,1650684699
Stokmarknes,68.5646,14.9108,31.98,100,19,6.91,NO,1650684700
Khor,47.8861,134.9464,54.93,29,14,6.15,RU,1650684700
Qaanaaq,77.484,-69.3632,0.48,95,100,2.93,GL,1650684700
Golden,39.7555,-105.2211,59.63,32,100,24.16,US,1650684504
Qeshm,26.9581,56.2719,73.29,65,34,0.96,IR,1650684701
Marsh Harbour,26.5412,-77.0636,73.87,63,32,19.06,BS,1650684701
Nesna,66.1967,13.0213,35.67,74,88,8.95,NO,1650684702
Tual,-5.6667,132.75,83.98,68,100,0.76,ID,1650684702
Krasnaya Gora,52.9995,31.6023,45.05,87,100,12.01,RU,1650684702
Wufeng,27.45,104.8333,67.41,60,89,4.23,CN,1650684703
Leer,8.3018,30.1418,76.84,72,95,4.97,SS,1650684617
Mehamn,71.0357,27.8492,35.78,97,95,16.78,NO,1650684703
São Félix do Xingu,-6.6447,-51.995,70.79,97,87,0.43,BR,1650684704
Gijang,35.2442,129.2139,71.33,67,100,14.63,KR,1650684681
Dikson,73.5069,80.5464,4.84,94,98,4.99,RU,1650684704
Urayasu,35.6706,139.8886,80.24,71,40,9.22,JP,1650684704
Perambalur,11.2333,78.8833,87.3,57,97,3.89,IN,1650684705
Yumen,40.2833,97.2,67.75,11,100,11.03,CN,1650684705
Menongue,-14.6585,17.691,52.92,78,58,2.46,AO,1650684706
Mechelen,51.0276,4.4807,52.48,76,0,10.36,BE,1650684706
Daru,-9.0763,143.2092,83.17,73,99,3.8,PG,1650684706
Casper,42.8666,-106.3131,44.73,86,100,16.11,US,1650684610
Tiznit Province,29.5833,-9.5,51.96,83,42,4.94,MA,1650684707
Tieling,42.2931,123.8414,73.71,17,67,29.17,CN,1650684707
Katsuura,35.1333,140.3,70.9,65,99,15.01,JP,1650684707
Young,-32.6833,-57.6333,45.43,93,0,6.22,UY,1650684708
Nemuro,43.3236,145.575,44.8,76,100,13.87,JP,1650684708
Wuda,39.4994,106.7117,74.89,7,11,14.63,CN,1650684709
Oktyabr'skiy,54.4815,53.471,42.78,61,28,5.57,RU,1650684709
Mosquera,4.7059,-74.2302,55.49,88,40,4.61,CO,1650684507
Alim,9.5649,122.4876,88.84,60,12,2.21,PH,1650684710
Fayaoué,-20.65,166.5333,78.49,68,53,18.79,NC,1650684710
Dunedin,-45.8742,170.5036,61.3,54,12,7.76,NZ,1650684710
Ngunguru,-35.6167,174.5,65.28,55,3,11.14,NZ,1650684711
Belvidere,42.2639,-88.8443,53.53,89,100,13.38,US,1650684544
Vostok,46.4856,135.8833,44.74,58,50,9.73,RU,1650684711
La Paz Centro,12.34,-86.6753,78.28,79,84,2.59,NI,1650684712
Hasaki,35.7333,140.8333,77.29,70,99,3.87,JP,1650684712
Mahébourg,-20.4081,57.7,77.25,69,75,16.11,MU,1650684712
Mudgee,-32.5943,149.5871,66.25,55,100,9.22,AU,1650684713
Drayton Valley,53.2168,-114.9854,36.07,84,89,5.03,CA,1650684620
Kiruna,67.8557,20.2251,27.52,86,21,6.91,SE,1650684713
Rocha,-34.4833,-54.3333,48.7,88,66,6.64,UY,1650684714
Goderich,43.7501,-81.7165,46.72,71,100,6.91,CA,1650684616
Zhigansk,66.7697,123.3711,21.43,81,100,10.22,RU,1650684714
Fairbanks,64.8378,-147.7164,51.76,40,0,8.05,US,1650684592
Xihe,31.6864,113.4659,76.66,61,80,4.45,CN,1650684715
Saint-Augustin,51.226,-58.6502,32.7,99,100,1.88,CA,1650684715
Baisha,26.5222,110.9311,80.89,69,66,2.1,CN,1650684715
Siavonga,-16.5382,28.7088,67.93,92,57,3.36,ZM,1650684716
Baykalovo,57.3981,63.7684,32.85,51,23,4.9,RU,1650684716
Qingdao,36.0986,120.3719,67.6,34,0,15.66,CN,1650684716
Porto Seguro,-16.4497,-39.0647,73.92,94,0,2.3,BR,1650684717
Kilindoni,-7.9139,39.6668,78.6,83,32,2.98,TZ,1650684717
Bay Roberts,47.5999,-53.2648,37.33,68,100,1.99,CA,1650684717
Paamiut,61.994,-49.6678,33.3,99,100,8.34,GL,1650684718
Thompson,55.7435,-97.8558,28.56,69,20,2.3,CA,1650684718
Chui,-33.6971,-53.4616,51.98,95,77,8.01,UY,1650684718
Warrnambool,-38.3833,142.4833,66.81,61,4,12.97,AU,1650684719
Tautira,-17.7333,-149.15,79.5,78,78,17.92,PF,1650684719
Shimoda,34.6667,138.95,73.76,60,96,22.77,JP,1650684720
Geraldton,-28.7667,114.6,81.01,32,0,18.41,AU,1650684720
Portland,45.5234,-122.6762,55.44,78,75,0.0,US,1650684482
Mount Gambier,-37.8333,140.7667,66.11,48,1,14.97,AU,1650684720
Praia da Vitória,38.7333,-27.0667,57.76,82,75,8.03,PT,1650684721
Shīeli,44.1667,66.75,76.23,31,98,1.74,KZ,1650684721
Birao,10.2849,22.7882,77.77,64,81,3.33,CF,1650684722
Bontang,0.1333,117.5,85.41,69,95,4.92,ID,1650684722
Bilibino,68.0546,166.4372,22.48,73,100,2.26,RU,1650684723
Palencia,42.4167,-4.5,39.92,97,100,13.0,ES,1650684723
Coquimbo,-29.9533,-71.3436,55.13,100,100,8.05,CL,1650684689
Zyryanovsk,49.7386,84.2719,41.88,52,50,1.01,KZ,1650684724
Bunia,1.5667,30.25,62.55,92,100,1.23,CD,1650684724
Orcopampa,-15.2661,-72.3417,44.71,56,97,1.81,PE,1650684724
Vila Franca do Campo,37.7167,-25.4333,57.61,72,100,4.85,PT,1650684725
Cotonou,6.3654,2.4183,80.58,89,20,6.91,BJ,1650684725
Kupang,-10.1667,123.5833,88.56,55,61,6.44,ID,1650684725
Wanaka,-44.7,169.15,62.11,47,5,3.0,NZ,1650684726
Tocopilla,-22.092,-70.1979,64.98,81,33,6.4,CL,1650684726
Mossendjo,-2.9506,12.7261,69.69,99,100,3.74,CG,1650684727
Wiarton,44.7407,-81.1332,39.49,70,40,8.05,CA,1650684727
Gainesville,29.6516,-82.3248,66.09,72,0,5.75,US,1650684621
Aklavik,68.2191,-135.0107,24.37,87,60,17.4,CA,1650684727
Antalaha,-14.9003,50.2788,75.78,90,47,5.19,MG,1650684728
Tilichiki,60.4667,166.1,28.31,85,96,2.68,RU,1650684728
Great Malvern,52.1116,-2.3252,47.71,88,98,4.0,GB,1650684728
Tuktoyaktuk,69.4541,-133.0374,21.2,68,20,16.11,CA,1650684729
Elko,41.0002,-115.5012,39.63,59,81,7.0,US,1650684729
Makhinjauri,41.6739,41.694,49.86,87,0,6.91,GE,1650684730
Cabra,37.4725,-4.4421,45.93,85,100,14.56,ES,1650684730
Bow Island,49.8668,-111.3684,44.89,53,100,9.22,CA,1650684731
Guerrero Negro,27.9769,-114.0611,59.79,79,0,20.49,MX,1650684731
Akalkot,17.5333,76.2167,92.61,33,52,8.39,IN,1650684732
Saint-Pierre,-21.3393,55.4781,76.68,76,0,25.32,RE,1650684732
Yatou,37.15,122.3833,63.32,39,37,15.32,CN,1650684732
La Santisima Trinidad,-14.8333,-64.9,77.94,81,99,5.5,BO,1650684692
Kiunga,-6.1219,141.2906,86.56,77,92,1.92,PG,1650684733
The Valley,18.217,-63.0578,77.09,70,97,15.17,AI,1650684734
Codrington,-38.2667,141.9667,62.35,57,31,13.67,AU,1650684734
Ulaanbaatar,47.9077,106.8832,41.13,56,40,13.42,MN,1650684734
Haines Junction,60.7522,-137.5108,39.15,45,100,6.91,CA,1650684619
Drumheller,51.4617,-112.7101,43.93,75,100,5.75,CA,1650684572
Namatanai,-3.6667,152.4333,84.15,71,30,8.55,PG,1650684735
Kuusamo,65.9667,29.1833,33.84,86,100,4.61,FI,1650684736
Jackson,42.4165,-122.8345,57.07,55,40,6.91,US,1650684582
Gamba,-2.65,10.0,75.78,93,100,7.29,GA,1650684736
Puerto Varas,-41.3195,-72.9854,55.62,100,100,12.66,CL,1650684737
Kontagora,10.3999,5.4695,81.03,65,78,6.64,NG,1650684737
Pitimbu,-7.4706,-34.8086,75.79,82,90,9.69,BR,1650684737
Hoquiam,46.9809,-123.8893,50.85,90,64,3.8,US,1650684738
Ternate,0.8,127.4,82.06,77,99,2.37,ID,1650684738
Jacareacanga,-6.2222,-57.7528,72.34,99,90,1.5,BR,1650684739
Bima,-8.4667,118.7167,88.32,70,85,1.21,ID,1650684739
Wajima,37.4,136.9,57.88,88,75,5.75,JP,1650684739
Ukiah,39.1502,-123.2078,50.11,95,16,3.02,US,1650684740
Takoradze,4.8845,-1.7554,79.61,86,60,5.14,GH,1650684740
La Macarena,2.1837,-73.7849,71.87,97,99,2.37,CO,1650684740
Port Macquarie,-31.4333,152.9167,66.88,74,93,7.34,AU,1650684692
Biltine,14.5333,20.9167,84.49,15,99,6.98,TD,1650684741
Teahupoo,-17.8333,-149.2667,78.53,77,91,18.07,PF,1650684741
Atbasar,51.8,68.3333,41.04,34,2,6.26,KZ,1650684742
Puri,19.8,85.85,90.12,67,1,13.02,IN,1650684668
Ţahţā,26.7693,31.5021,64.62,40,0,8.41,EG,1650684743
Ordzhonīkīdze,52.4411,61.7408,43.52,31,17,9.33,KZ,1650684743
Nishihara,26.1842,127.7558,82.06,83,100,16.11,JP,1650684743
São Lourenço do Sul,-31.3653,-51.9783,60.94,91,99,10.67,BR,1650684742
Uusikaupunki,60.8004,21.4084,41.23,86,82,11.83,FI,1650684744
Antofagasta,-23.65,-70.4,60.08,82,56,4.65,CL,1650684694
Hambantota,6.1241,81.1185,84.54,79,20,5.75,LK,1650684744
Prince Rupert,54.3161,-130.3201,50.09,62,0,20.71,CA,1650684745
Les Cayes,18.2,-73.75,74.62,85,79,2.28,HT,1650684745
Te Anau,-45.4167,167.7167,53.22,76,71,6.98,NZ,1650684745
Narsaq,60.9167,-46.05,41.22,98,100,2.39,GL,1650684746
Sheksna,59.21,38.5107,44.56,86,100,3.02,RU,1650684746
Auki,-8.7676,160.7034,86.34,63,97,1.95,SB,1650684746
Qaqortoq,60.7167,-46.0333,34.79,99,100,2.48,GL,1650684747
Thinadhoo,0.5333,72.9333,84.83,73,97,10.2,MV,1650684747
Harrison,30.4091,-89.0436,70.05,86,0,8.05,US,1650684748
San Calixto,8.4021,-73.2074,58.39,93,89,2.1,CO,1650684748
Aksu,41.1231,80.2644,71.67,34,81,4.45,CN,1650684748
Snezhnogorsk,69.1933,33.2531,35.38,98,100,8.57,RU,1650684749
Mae Sai,20.4335,99.8762,91.29,44,20,3.18,TH,1650684749
Honiara,-9.4333,159.95,83.98,76,92,5.14,SB,1650684749
Santa Helena de Goiás,-17.8136,-50.5969,68.11,58,72,3.8,BR,1650684750
Mossamedes,-15.1961,12.1522,71.56,81,91,5.23,AO,1650684750
Zeya,53.75,127.2667,44.46,43,80,6.38,RU,1650684750
Khani,41.9563,42.9566,36.97,56,23,2.89,GE,1650684751
Auxerre,47.8,3.5667,50.63,92,99,4.9,FR,1650684751
Yanam,16.7333,82.2167,96.55,40,45,4.45,IN,1650684751
Deep River,46.1001,-77.4995,31.95,79,53,3.51,CA,1650684752
Kutum,14.2,24.6667,72.37,17,81,4.74,SD,1650684752
Gouré,13.9835,10.2704,79.9,21,13,2.21,NE,1650684752
Mitsamiouli,-11.3847,43.2844,82.69,69,40,6.91,KM,1650684753
Iquitos,-3.7481,-73.2472,75.24,94,0,1.14,PE,1650684753
Tanah Merah,5.8,102.15,87.62,53,49,1.39,MY,1650684754
Port Hedland,-20.3167,118.5667,96.85,11,0,17.27,AU,1650684754
Awjilah,29.1081,21.2869,72.72,14,87,3.76,LY,1650684754
Viranşehir,37.2353,39.7631,62.98,33,0,4.05,TR,1650684755
Poum,-20.2333,164.0167,78.51,69,60,8.19,NC,1650684755
Tsimmerbude,54.675,20.1347,46.45,81,25,6.33,RU,1650684755
Laramie,41.3114,-105.5911,43.54,64,100,14.97,US,1650684488
Hajnówka,52.7433,23.5812,43.02,91,100,3.38,PL,1650684756
Limbang,4.75,115.0,86.11,56,36,4.16,MY,1650684756
Puerto Carreño,6.189,-67.4859,78.53,77,32,4.54,CO,1650684757
Lompoc,34.6391,-120.4579,55.78,83,0,11.5,US,1650684757
Tyukhtet,56.5389,89.3011,24.73,58,100,13.11,RU,1650684757
Ulaangom,49.9811,92.0667,41.94,48,2,8.21,MN,1650684758
Allentown,40.6084,-75.4902,55.74,54,0,1.01,US,1650684504
Saldanha,-33.0117,17.9442,51.85,78,0,13.78,ZA,1650684758
Kédougou,12.5579,-12.1743,86.58,30,0,4.61,SN,1650684759
Mgandu,-5.95,34.1333,61.09,94,77,3.87,TZ,1650684759
Peniche,39.3558,-9.3811,52.11,80,65,18.43,PT,1650684759
Kigorobya,1.6162,31.3089,65.01,89,100,1.5,UG,1650684760
Nieuw Amsterdam,5.8833,-55.0833,78.03,91,97,4.54,SR,1650684760
Ayan,56.45,138.1667,29.1,85,85,2.66,RU,1650684760
Dombarovskiy,50.7587,59.5386,42.13,55,100,13.51,RU,1650684761
Russell,32.3502,-85.1999,70.83,94,0,0.0,US,1650684761
Lingao,19.9103,109.6859,85.86,62,2,3.62,CN,1650684762
Atasū,48.6814,71.6433,47.77,46,100,9.66,KZ,1650684762
Kastamonu Province,41.5,33.6667,49.26,66,37,1.7,TR,1650684763
Hualmay,-11.0964,-77.6139,66.42,90,94,6.33,PE,1650684763
El Alto,-4.2714,-81.2147,68.32,82,26,11.95,PE,1650684763
Beidao,34.5686,105.8933,74.7,41,0,10.25,CN,1650684764
Vryburg,-26.9566,24.7284,60.03,82,89,4.92,ZA,1650684764
Kampene,-3.6,26.6667,67.39,97,55,1.79,CD,1650684764
Basco,20.4487,121.9702,81.39,75,23,16.73,PH,1650684765
Labuan,5.2767,115.2417,89.96,74,20,2.3,MY,1650684765
Dabola,10.75,-11.1167,80.13,47,90,2.91,GN,1650684766
Onega,63.9061,38.1404,31.42,89,100,9.24,RU,1650684766
Ostrov,57.3439,28.3537,42.53,74,26,3.89,RU,1650684766
Manaus,-3.1019,-60.025,77.49,100,0,4.61,BR,1650684767
Clyde River,70.4692,-68.5914,-5.57,71,0,0.0,CA,1650684767
Ostrovnoy,68.0531,39.5131,27.72,86,100,7.85,RU,1650684768
Xichang,27.8964,102.2634,73.33,58,77,4.45,CN,1650684768
Waipawa,-41.4122,175.5153,56.59,52,64,4.29,NZ,1650684768
‘Āhuimanu,21.4447,-157.8378,80.31,71,100,19.57,US,1650684769
Ushtobe,45.2514,77.9838,74.1,26,85,12.93,KZ,1650684769
Knysna,-34.0363,23.0471,58.19,85,100,3.49,ZA,1650684769
Avera,33.194,-82.5271,65.71,76,0,6.71,US,1650684770
Zhangaözen,43.3,52.8,58.14,52,8,14.0,KZ,1650684770
Xingcheng,40.6167,120.7167,61.32,44,39,24.02,CN,1650684771
Opuwo,-18.0607,13.84,61.54,50,4,4.54,NA,1650684771
Nome,64.5011,-165.4064,41.16,60,0,5.75,US,1650684624
São Mateus do Sul,-25.8742,-50.3828,57.09,99,53,2.62,BR,1650684771
Shiyan,32.6475,110.7781,79.21,42,7,5.1,CN,1650684772
Veshkayma,54.05,47.1333,38.97,66,2,7.74,RU,1650684772
Eresós,39.1667,25.9333,60.21,75,100,11.88,GR,1650684772
Buraidah,26.326,43.975,73.85,32,100,13.35,SA,1650684773
Moosomin,50.1333,-101.6677,31.75,98,100,11.07,CA,1650684773
Uzunovo,54.5386,38.6173,44.8,91,100,1.07,RU,1650684774
Mandalgovi,45.7625,106.2708,50.14,36,8,16.64,MN,1650684774
Aginskoye,51.1,114.53,41.83,42,100,7.47,RU,1650684774
Micheweni,-4.9667,39.8333,79.41,82,27,2.98,TZ,1650684775
Anadyr,64.75,177.4833,30.7,86,75,2.24,RU,1650684775
Preobrazheniye,42.9019,133.9064,53.69,40,0,15.17,RU,1650684776
Innisfail,-17.5333,146.0333,75.65,90,100,11.39,AU,1650684776
Cap Estate,14.0833,-60.95,78.42,73,23,13.65,LC,1650684776
Misratah,32.3754,15.0925,61.34,74,0,6.91,LY,1650684777
Novy Urengoy,66.0833,76.6333,4.64,94,98,10.22,RU,1650684519
Teknāf,20.8624,92.3058,87.15,69,18,7.61,BD,1650684777
São Filipe,14.8961,-24.4956,72.5,79,63,2.77,CV,1650684777
Itaguaí,-22.8522,-43.7753,74.68,94,0,3.44,BR,1650684778
Novyy Urgal,51.0736,132.5642,49.93,36,76,2.59,RU,1650684778
Chak Jhumra,31.5678,73.1835,90.5,21,1,5.7,PK,1650684778
Shingū,33.7333,135.9833,77.05,47,100,5.35,JP,1650684779
Bac Lieu,9.285,105.7244,89.04,60,82,12.17,VN,1650684779
Gīdolē,5.65,37.3667,57.6,81,95,1.97,ET,1650684780
Aswān,24.0934,32.907,70.9,16,0,3.44,EG,1650684780
Pandan,14.0453,124.1694,85.21,71,68,8.68,PH,1650684780
Severo-Kuril'sk,50.6789,156.125,37.58,99,100,9.66,RU,1650684781
Kahului,20.8947,-156.47,78.82,73,40,25.32,US,1650684781
Edwardsville,38.8114,-89.9532,73.87,69,0,11.5,US,1650684541
Lumberton,34.6182,-79.0086,69.46,72,85,6.22,US,1650684782
Victor Harbor,-35.5667,138.6167,66.69,74,0,11.12,AU,1650684782
Plettenberg Bay,-34.0527,23.3716,58.91,80,99,3.53,ZA,1650684782
Sliema,35.9125,14.5019,58.95,88,0,9.22,MT,1650684783
Zelenoborskiy,66.845,32.3622,34.41,88,83,5.73,RU,1650684783
Kununurra,-15.7667,128.7333,93.18,26,9,11.5,AU,1650684584
La Primavera,5.4906,-70.4092,79.18,72,16,3.02,CO,1650684784
Doctor Arroyo,23.6667,-100.1833,64.83,68,21,6.71,MX,1650684784
Nazas,25.2333,-104.1333,84.79,16,73,10.71,MX,1650684784
Crib Point,-38.35,145.2,68.25,70,0,8.77,AU,1650684785
Poconé,-16.2567,-56.6228,76.46,71,100,5.32,BR,1650684765
Pangnirtung,66.1451,-65.7125,0.75,85,22,6.89,CA,1650684557
Pauini,-7.7136,-66.9764,72.75,97,43,2.84,BR,1650684785
Phan Thiet,10.9333,108.1,90.16,55,12,11.03,VN,1650684714
Bermejillo,25.8833,-103.6167,89.64,32,86,12.3,MX,1650684786
Maceió,-9.6658,-35.7353,74.64,94,40,3.44,BR,1650684786
Forsytheganj,52.6333,29.7333,44.53,90,100,12.33,BY,1650684787
Shellbrook,53.2168,-106.4011,36.63,99,100,5.48,CA,1650684787
Paracuru,-3.41,-39.0306,78.12,92,100,13.6,BR,1650684787
Whitianga,-36.8333,175.7,64.09,46,1,3.74,NZ,1650684788
Labytnangi,66.6572,66.4183,4.1,88,73,2.24,RU,1650684788
Khromtau,50.2503,58.4347,41.88,66,100,14.88,KZ,1650684788
Homer,59.6425,-151.5483,42.76,81,100,9.22,US,1650684789
Payo,-3.7508,103.6372,87.3,65,91,3.24,ID,1650684789
Healdsburg,38.6105,-122.8692,54.16,63,51,2.75,US,1650684789
Provincia di Macerata,43.2,13.1667,47.12,90,94,6.6,IT,1650684790
Bodden Town,19.2833,-81.25,80.92,80,20,12.66,KY,1650684790
Kamenka,51.3223,42.7678,45.16,79,36,8.37,RU,1650684790
Tharād,24.3961,71.6267,92.28,18,0,8.05,IN,1650684791
Sierra Vista,31.5545,-110.3037,63.1,27,0,21.85,US,1650684791
Westport,41.1415,-73.3579,55.38,49,0,9.22,US,1650684792
Champerico,14.3,-91.9167,83.28,69,23,5.17,GT,1650684792
Constitución,-35.3333,-72.4167,54.32,93,39,4.56,CL,1650684792
The Pas,53.8251,-101.2541,37.42,70,100,5.75,CA,1650684793
Chanute,37.6792,-95.4572,73.51,56,0,19.57,US,1650684793
São João da Barra,-21.6403,-41.0511,74.39,81,0,6.4,BR,1650684793
Muroto-misakicho,33.2833,134.15,66.7,66,98,4.88,JP,1650684794
Aldan,58.6031,125.3894,30.18,61,93,3.13,RU,1650684794
Port Lincoln,-34.7333,135.8667,63.39,61,69,13.96,AU,1650684616
Mogadishu,2.0371,45.3438,83.12,74,88,10.4,SO,1650684794
Grand Gaube,-20.0064,57.6608,77.38,66,8,10.0,MU,1650684795
Beian,63.6559,9.5683,40.01,93,0,3.44,NO,1650684795
Mel'nikovo,56.5558,84.085,25.25,41,81,9.82,RU,1650684796
Choszczno,53.169,15.4205,41.68,90,0,5.35,PL,1650684796
Salalah,17.0151,54.0924,80.69,78,20,2.3,OM,1650684796
Dawei,14.0833,98.2,92.73,50,8,5.93,MM,1650684797
Koulikoro,14.0,-7.75,80.08,10,100,9.53,ML,1650684797
Campechuela,20.2342,-77.2789,73.94,84,90,17.36,CU,1650684797
Poso,-1.3959,120.7524,85.62,65,100,3.62,ID,1650684798
Kasimov,54.9411,41.3953,44.19,79,74,3.22,RU,1650684798
Cayenne,4.9333,-52.3333,76.08,1,0,0.0,GF,1650684799
Mathathane,-22.2687,28.7495,64.76,87,7,5.82,BW,1650684799
Cherskiy,68.75,161.3,26.06,85,100,6.69,RU,1650684800
Buedu,8.2803,-10.3719,72.45,93,91,2.26,SL,1650684800
Jalu,29.0331,21.5482,71.2,15,80,2.89,LY,1650684800
Florianópolis,-27.6146,-48.5012,70.41,94,75,11.5,BR,1650684801
Sola,-13.8833,167.55,84.87,79,75,2.3,VU,1650684801
Loudi,27.7344,111.9944,76.78,75,90,1.52,CN,1650684802
Juegang,32.3174,121.1855,70.02,77,100,3.91,CN,1650684802
Sarishābāri,24.7333,89.8333,85.21,74,13,10.78,BD,1650684803
Mayo,38.8876,-76.5119,61.95,71,0,0.0,US,1650684803
Majene,-3.5403,118.9707,85.21,67,93,3.67,ID,1650684803
Miraflores,19.2167,-98.8083,65.05,67,45,1.52,MX,1650684804
Norman Wells,65.282,-126.8329,28.44,46,0,12.66,CA,1650684804
Broome,42.2506,-75.833,43.18,68,0,5.75,US,1650684804
Kholm,59.2667,32.85,44.71,92,100,2.33,RU,1650684805
Paciran,-6.8767,112.3761,86.77,68,20,6.42,ID,1650684805
Taos,36.4072,-105.5731,45.45,27,100,20.0,US,1650684794
Yokadouma,3.5167,15.05,68.86,94,96,1.07,CM,1650684805
Wellington,-41.2866,174.7756,61.07,76,20,14.97,NZ,1650684806
Catherinas Lust,6.4,-57.6,76.23,87,90,6.04,GY,1650684806
Coyhaique,-45.5752,-72.0662,46.35,71,75,8.05,CL,1650684762
Itarema,-2.9248,-39.9167,75.85,91,95,7.61,BR,1650684807
Talnakh,69.4865,88.3972,15.49,86,94,3.58,RU,1650684807
Japura,-0.3167,102.35,83.82,80,100,2.39,ID,1650684807
Port Moresby,-9.4431,147.1797,81.82,89,40,11.5,PG,1650684808
Amapá,1.0,-52.0,69.19,99,100,1.9,BR,1650684808
Caravelas,-17.7125,-39.2481,74.23,84,76,5.1,BR,1650684808
Flinders,-34.5833,150.8552,70.88,76,93,4.0,AU,1650684809
Bundaberg,-24.85,152.35,81.21,49,40,23.02,AU,1650684809
Araouane,18.9048,-3.5265,74.07,12,97,9.93,ML,1650684810
Morón,-34.6534,-58.6198,56.95,77,1,4.27,AR,1650684810
Santa Isabel Rio Negro,-0.4139,-65.0192,73.83,98,100,2.44,BR,1650684810
Vikhorevka,56.1201,101.1636,26.19,79,100,14.54,RU,1650684811
Khandyga,62.6667,135.6,31.59,70,100,2.33,RU,1650684811
South Lake Tahoe,38.9332,-119.9844,39.25,82,0,0.0,US,1650684811
Beyneu,45.3167,55.2,61.57,46,72,11.25,KZ,1650684812
Sulangan,11.1373,123.7228,83.07,73,6,6.53,PH,1650684812
Tommot,58.9564,126.2925,37.02,48,92,3.44,RU,1650684812
Guilin,25.2819,110.2864,78.91,75,99,4.47,CN,1650684662
Sovetskoye,52.2861,85.4131,34.9,44,62,8.95,RU,1650684813
Altamont,42.2068,-121.7372,44.44,62,0,10.36,US,1650684813
Chernoyerkovskaya,45.4331,37.7686,45.16,77,6,9.95,RU,1650684814
Nanortalik,60.1432,-45.2371,35.24,98,100,5.75,GL,1650684814
Chiasso,45.832,9.0312,54.01,86,100,1.01,CH,1650684814
Jumla,29.2747,82.1838,65.88,29,0,4.65,NP,1650684815
Karaton,-6.3424,106.1045,87.17,63,63,4.56,ID,1650684815
Barber,12.2833,-69.0667,78.78,78,20,9.22,CW,1650684632
Vila Velha,-20.3297,-40.2925,76.95,83,0,3.44,BR,1650684815
San Angelo,31.4638,-100.437,80.55,54,18,21.0,US,1650684816
Bariloche,-41.1456,-71.3082,47.95,81,100,28.77,AR,1650684648
Unaí,-16.3575,-46.9061,69.62,54,20,3.6,BR,1650684777
Meulaboh,4.1363,96.1285,83.75,77,97,1.43,ID,1650684816
Bukoba,-1.3317,31.8122,65.16,89,100,4.34,TZ,1650684817
Kristianstad,56.0313,14.1524,38.35,94,5,4.61,SE,1650684817
Calahorra,42.3051,-1.9652,51.71,74,100,16.2,ES,1650684817
Samoylovka,51.184,43.7081,45.05,67,44,10.25,RU,1650684818
Riyadh,24.6877,46.7219,75.34,15,98,4.85,SA,1650684797
Mokhsogollokh,61.4681,128.9203,33.26,71,100,1.86,RU,1650684818
St. George's,12.0564,-61.7485,78.48,78,20,13.8,GD,1650684819
Natal,-5.795,-35.2094,77.22,94,75,3.44,BR,1650684756
Lufilufi,-13.8745,-171.5986,91.18,75,29,7.29,WS,1650684819
Honningsvåg,70.9821,25.9704,35.35,87,100,12.66,NO,1650684819
Lawton,34.6087,-98.3903,78.71,57,0,23.0,US,1650684554
Yerbogachën,61.2767,108.0108,29.39,56,51,5.97,RU,1650684820
Cap Malheureux,-19.9842,57.6142,77.47,66,8,10.0,MU,1650684820
Banda Aceh,5.5577,95.3222,87.42,64,93,5.99,ID,1650684821
Şabrātah,32.7933,12.4885,62.13,51,0,7.23,LY,1650684821
Atar,20.5169,-13.0499,71.42,26,31,8.12,MR,1650684821
Erenhot,43.6475,111.9767,65.64,18,23,17.43,CN,1650684822
Ribeirão Branco,-24.2208,-48.7656,61.11,95,18,2.06,BR,1650684822
Palu,-0.8917,119.8707,87.01,67,100,3.15,ID,1650684823
Qui Nhon,13.7667,109.2333,83.46,70,17,7.56,VN,1650684823
Vitória da Conquista,-14.8661,-40.8394,62.85,95,4,3.6,BR,1650684814
Lavrentiya,65.5833,-171.0,31.26,84,5,3.62,RU,1650684548
Shudayag,63.5266,53.6058,32.92,89,100,7.31,RU,1650684824
Inhambane,-23.865,35.3833,69.75,88,100,5.12,MZ,1650684824
Ocampo,21.65,-101.5,59.38,70,42,12.44,MX,1650684824
Eskişehir,39.7767,30.5206,54.91,59,0,8.05,TR,1650684761
